[Main]
bVanillaPreset = 0
fOrsimerBaseMagicka = 105.000000
fNordBaseMagicka = 110.000000
fNordBaseHealth = 85.000000
fNordBaseStamina = 105.000000
fImperialBaseMagicka = 100.000000
fImperialBaseHealth = 100.000000
fImperialBaseStamina = 100.000000
fAltmerBaseMagicka = 90.000000
fAltmerBaseHealth = 115.000000
fAltmerBaseStamina = 95.000000
fArgonianBaseMagicka = 100.000000
fArgonianBaseHealth = 95.000000
fArgonianBaseStamina = 105.000000
fBosmerBaseMagicka = 95.000000
fBosmerBaseHealth = 100.000000
fBosmerBaseStamina = 105.000000
fBretonBaseMagicka = 95.000000
fBretonBaseHealth = 105.000000
fBretonBaseStamina = 100.000000
fDunmerBaseMagicka = 95.000000
fDunmerBaseHealth = 110.000000
fDunmerBaseStamina = 95.000000
fKhajiitBaseMagicka = 90.000000
fKhajiitBaseHealth = 105.000000
fKhajiitBaseStamina = 105.000000
fOrsimerBaseHealth = 80.000000
fOrsimerBaseStamina = 115.000000
fRedguardBaseMagicka = 100.000000
fRedguardBaseHealth = 90.000000
fRedguardBaseStamina = 110.000000
fCustomRaceBaseMagicka = 132.000000
fCustomRaceBaseHealth = 133.000000
fCustomRaceBaseStamina = 134.000000
